Trip #  Return # Stop    Dist    Cost    Total Dist    Total Cost
 1       0       1       10.20   36.42       10.20       36.42
 2       1       2       15.21   61.94       25.41       98.36
 3       0       4       23.81  110.01       49.22      208.37
 4       0       3       17.35   81.44       66.58      289.81
14       0       4       27.75  118.28      385.63     1529.81
24       1       2       26.97   86.64      677.44     2652.61
34       0       3       18.40   83.64      967.13     3740.97
44       0       2       12.49   56.24     1180.04     4548.09
54       0       5       30.47  138.99     1496.33     5662.29
64       0       2       15.30   62.13     1757.51     6630.78
74       1       2       15.68   62.92     1969.31     7435.56

Total distance driven in August: 2055.87
Total money collected in August: 7752.34
